# unix_time, cycles_done, cur_path, paths_total, pending_total, pending_favs, map_size, unique_crashes, unique_hangs, max_depth, execs_per_sec
1682842442, 0, 0, 1, 1, 1, 0.02%, 0, 0, 1, 150.94
1682842447, 0, 0, 7, 7, 1, 0.02%, 1, 0, 2, 184.69
1682842457, 0, 0, 8, 8, 1, 0.02%, 1, 0, 2, 189.46
1682842472, 0, 3, 8, 7, 3, 0.02%, 1, 1, 2, 179.92
1682842482, 0, 3, 9, 8, 3, 0.02%, 1, 1, 3, 228.10
1682842498, 0, 3, 9, 8, 3, 0.02%, 1, 2, 3, 76.79
1682842503, 0, 5, 9, 6, 1, 0.02%, 1, 2, 3, 1260.54
1682842513, 0, 6, 9, 5, 0, 0.02%, 1, 2, 3, 113.80
1682842528, 0, 6, 10, 6, 0, 0.02%, 1, 2, 3, 103.14
1682842554, 0, 7, 10, 5, 0, 0.02%, 1, 2, 3, 94.59
1682842590, 0, 8, 10, 4, 0, 0.02%, 1, 2, 3, 325.30
1682842621, 0, 9, 10, 3, 0, 0.02%, 1, 2, 3, 85.92
1682842667, 1, 1, 10, 2, 0, 0.02%, 1, 2, 3, 133.98
1682842703, 1, 2, 10, 1, 0, 0.02%, 1, 2, 3, 161.93
